CRTE_SNAPSHOT_START

SECTION_CRTE_VERSION
3.0

SECTION_PID
38454

SECTION_POLLING_INTERVAL
5

SECTION_DATE_TIME
Thu Sep 17 22:33:13 CST 2026 (1789655593)

SECTION_OS_VERSION
osname: Linux
hostname: IC_EDA
arch: x86_64
release_version: 3.10.0-1160.6.1.el7.x86_64

SECTION_IPC_INFO

------ Message Queues --------
key        msqid      owner      perms      used-bytes   messages    

------ Shared Memory Segments --------
key        shmid      owner      perms      bytes      nattch     status      
0x00000000 196614     ICer       777        4816896    2          dest         
0x00000000 9          ICer       777        16384      1          dest         
0x00000000 10         ICer       777        7372800    2          dest         
0x00000000 196621     ICer       600        524288     2          dest         
0x00000000 65553      ICer       777        4816896    2          dest         
0x00000000 18         ICer       600        524288     2          dest         
0x00000000 19         ICer       777        7372800    2          dest         
0x00000000 22         ICer       600        524288     2          dest         
0x00000000 131097     ICer       777        4718592    2          dest         
0x00000000 27         ICer       600        524288     2        SECTION_ULIMIT
core file size          (blocks, -c) 0
data seg size           (kbytes, -d) unlimited
scheduling priority             (-e) 0
file size               (blocks, -f) unlimited
pending signals                 (-i) 7143
max locked memory       (kbytes, -l) 64
max memory size         (kbytes, -m) unlimited
open files                      (-n) 4096
pipe size            (512 bytes, -p) 8
POSIX message queues     (bytes, -q) 819200
real-time priority              (-r) 0
stack size              (kbytes, -s) 8192
cpu time               (seconds, -t) unlimited
max user processes              (-u) 4096
virtual memory          (kbytes, -v) unlimited
file locks                      (-x) unlimited

SECTION_SYSCONF
_SC_THREAD_SAFE_FUNCTIONS= 200809
_SC_CLK_TCK= 100
_SC_OPEN_MAX= 4096
_SC_PAGE_SIZE= 4096
_SC_ARG_MAX= 2097152
_SC_CHILD_MAX= 4096
_SC_LINE_MAX= 2048

SECTION_FULL_COMMAND
/home/synopsys/icc2/O-2018.06-SP1/linux64/nwtn/bin/icc2_exec -root_path /home/synopsys/icc2/O-2018.06-SP1

SECTION_CPUINFO
total_core: 2

model_name:  AMD Ryzen 5 7535HS with Radeon Graphics
flags:  fpu vme de pse tsc msr pae mce cx8 apic sep mtrr pge mca cmov pat pse36 clflush mmx fxsr sse sse2 syscall nx mmxext fxsr_opt pdpe1gb rdtscp lm constant_tsc art rep_good nopl tsc_reliable nonstop_tsc extd_apicid eagerfpu pni pclmulqdq ssse3 fma cx16 sse4_1 sse4_2 x2apic movbe popcnt aes xsave avx f16c rdrand hypervisor lahf_lm extapic cr8_legacy abm sse4a misalignsse 3dnowprefetch osvw retpoline_amd ibpb vmmcall fsgsbase tsc_adjust bmi1 avx2 smep bmi2 erms invpcid rdseed adx smap clflushopt clwb sha_ni xsaveopt xsavec clzero arat pku ospke overflow_recov succor
cpu_family: 25
core_frequency_mhz: 3293
core_per_socket: 0
stepping: 1
cache_size_kb: 512
ht: 0

model_name:  AMD Ryzen 5 7535HS with Radeon Graphics
flags:  fpu vme de pse tsc msr pae mce cx8 apic sep mtrr pge mca cmov pat pse36 clflush mmx fxsr sse sse2 syscall nx mmxext fxsr_opt pdpe1gb rdtscp lm constant_tsc art rep_good nopl tsc_reliable nonstop_tsc extd_apicid eagerfpu pni pclmulqdq ssse3 fma cx16 sse4_1 sse4_2 x2apic movbe popcnt aes xsave avx f16c rdrand hypervisor lahf_lm extapic cr8_legacy abm sse4a misalignsse 3dnowprefetch osvw retpoline_amd ibpb vmmcall fsgsbase tsc_adjust bmi1 avx2 smep bmi2 erms invpcid rdseed adx smap clflushopt clwb sha_ni xsaveopt xsavec clzero arat pku ospke overflow_recov succor
cpu_family: 25
core_frequency_mhz: 3293
core_per_socket: 0
stepping: 1
cache_size_kb: 512
ht: 0

SECTION_OS_RELEASE_VERSION
CentOS Linux release 7.9.2009 (Core)


SECTION_SYS/VM
/proc/sys/vm/admin_reserve_kbytes:8192
/proc/sys/vm/block_dump:0
/proc/sys/vm/dirty_background_bytes:0
/proc/sys/vm/dirty_background_ratio:10
/proc/sys/vm/dirty_bytes:0
/proc/sys/vm/dirty_expire_centisecs:3000
/proc/sys/vm/dirty_ratio:30
/proc/sys/vm/dirty_writeback_centisecs:500
/proc/sys/vm/drop_caches:0
/proc/sys/vm/extfrag_threshold:500
/proc/sys/vm/hugepages_treat_as_movable:0
/proc/sys/vm/hugetlb_shm_group:0
/proc/sys/vm/laptop_mode:0
/proc/sys/vm/legacy_va_layout:0
/proc/sys/vm/lowmem_reserve_ratio:256	256	32
/proc/sys/vm/max_map_count:65530
/proc/sys/vm/memory_failure_early_kill:0
/proc/sys/vm/memory_failure_recovery:1
/proc/sys/vm/min_free_kbytes:45056
/proc/sys/vm/min_slab_ratio:5
/proc/sys/vm/min_unmapped_ratio:1
/proc/sys/vm/mmap_min_addr:4096
/proc/sys/vm/nr_hugepages:0
/proc/sys/vm/nr_hugepages_mempolicy:0
/proc/sys/vm/nr_overcommit_hugepages:0
/proc/sys/vm/nr_pdflush_threads:0
/proc/sys/vm/numa_zonelist_order:default
/proc/sys/vm/oom_dump_tasks:1
/proc/sys/vm/oom_kill_allocating_task:0
/proc/sys/vm/overcommit_kbytes:0
/proc/sys/vm/overcommit_memory:0
/proc/sys/vm/overcommit_ratio:50
/proc/sys/vm/page-cluster:3
/proc/sys/vm/panic_on_oom:0
/proc/sys/vm/percpu_pagelist_fraction:0
/proc/sys/vm/stat_interval:1
/proc/sys/vm/swappiness:30
/proc/sys/vm/user_reserve_kbytes:53413
/proc/sys/vm/vfs_cache_pressure:100
/proc/sys/vm/zone_reclaim_mode:0


SECTION_SWAP
swap_partition: /dev/dm-1
size_gb: 9

CRTE_SNAPSHOT_END

CRTE_PERIODIC_START 1 1789655593813

SECTION_MPSTAT
total_core: 2

CPU     %user   %kernel %wait   %idle   
all   6.534825 1.820502 5.101893 86.542778
0     6.566977 1.831019 5.157263 86.444748
1     6.502513 1.810010 5.046521 86.640953

SECTION_PID_STATUS
name: icc2_exec
state: 3
vmsize: 2565368
vmrss: 284932
vmdata: 1558344
vmstk: 136
vmexe: 477876
vmlib: 295996
threads: 39

SECTION_PROCESS_CPU_UTIL
pid: 38454
cpu_total_time: 1666835
cpu_used_time: 71628
cpu_p: 

SECTION_SYSTEM_CPU_UTIL
sys_cpu_p: 

SECTION_MEMINFO
memtotal: 1863024
memfree: 334072
cached: 368052
swapcached: 94916
active: 548848
swaptotal: 10481660
swapfree: 8873468

SECTION_SMAPS
shared_kb: 392
private_kb: 287604

SECTION_DF
Filesystem  Size  Used Avail Use%
filesystem        19G  6G  13G    34

Filesystem    Inodes   IUsed   IFree   IUse%
filesystem          10485760  192402 10293358   4294962047

SECTION_CWD
Filesystem  Size  Used Avail Use%
filesystem        98G  90G  7G    92

Filesystem    Inodes   IUsed   IFree   IUse%
filesystem          0  0 0   0

SECTION_SWAP_RATE
blk_read: 435800
blk_wrtn: 3435720
swap_in_rate: 
swap_out_rate: 
swap_in_rate: 
swap_out_rate: 

SECTION_FD_SIZE
files: 15
total_size: 4573055

SECTION_NET_INTERFACE
total_eth_avbl: 3

name net_rx_err net_rx_drp net_tx_err net_tx_drp 
    lo:         0        0        0        0
virbr0-nic:               0        0        0        0
virbr0:               0        0        0        0

SECTION_NFSSTAT
Error: Could not collect the data.

SECTION_THREAD_CPU_UTIL
38454 : 38454 (icc2_exec) D 1 38442 4268 34816 4268 4202496 2427565 204064 21440 312 39499 9864 346 105 20 0 39 0 496711 2626936832 71346 18446744073709551615 4194304 493535827 140722759234336 140722759223000 322770704 0 2 2101250 1217455869 18446744072478263251 0 0 17 0 0 0 17701 0 0 495636592 511452768 613892096 140722759235674 140722759235780 140722759235780 140722759241659 0
38557 : 38557 (icc2_exec) S 1 38442 4268 34816 4268 1077944384 11 204064 4 312 0 0 346 105 20 0 39 0 498786 2626936832 71346 18446744073709551615 4194304 493535827 140722759234336 140584252618400 140584533449267 0 2147221247 2101250 1217455869 18446744072478932853 0 0 -1 1 0 0 51 0 0 495636592 511452768 613892096 140722759235674 140722759235780 140722759235780 140722759241659 0
38899 : 38899 (QXcbEventReader) S 1 38442 4268 34816 4268 1077944384 249 204064 67 312 13 20 346 105 20 0 39 0 505100 2626936832 71346 18446744073709551615 4194304 493535827 140722759234336 140584218195552 140584533441741 0 8192 2101250 1217455869 18446744072478932853 0 0 -1 0 0 0 250 0 0 495636592 511452768 613892096 140722759235674 140722759235780 140722759235780 140722759241659 0
38907 : 38907 (icc2_exec) S 1 38442 4268 34816 4268 1077944384 3899 204064 31 312 88 8 346 105 20 0 39 0 505941 2626936832 71346 18446744073709551615 4194304 493535827 140722759234336 140584171595528 140584533462297 0 8192 2101250 1217455869 18446744072477549126 0 0 -1 1 0 0 78 0 0 495636592 511452768 613892096 140722759235674 140722759235780 140722759235780 140722759241659 0
38908 : 38908 (icc2_exec) S 1 38442 4268 34816 4268 1077944384 1484 204064 143 312 39 9 346 105 20 0 39 0 505941 2626936832 71346 18446744073709551615 4194304 493535827 140722759234336 140584163202824 140584533462297 0 8192 2101250 1217455869 18446744072477549126 0 0 -1 1 0 0 87 0 0 495636592 511452768 613892096 140722759235674 140722759235780 140722759235780 140722759241659 0
38910 : 38910 (Thread (pooled)) S 1 38442 4268 34816 4268 1077944384 7288 204064 553 312 97 6 346 105 20 0 39 0 506040 2626936832 71346 18446744073709551615 4194304 493535827 140722759234336 140584154809840 140584738220597 0 8192 2101250 1217455869 18446744072477549126 0 0 -1 1 0 0 183 0 0 495636592 511452768 613892096 140722759235674 140722759235780 140722759235780 140722759241659 0
38911 : 38911 (Thread (pooled)) S 1 38442 4268 34816 4268 1077944384 8 204064 1 312 2 2 346 105 20 0 39 0 506060 2626936832 71346 18446744073709551615 4194304 493535827 140722759234336 140584146417136 140584738220597 0 8192 2101250 1217455869 18446744072477549126 0 0 -1 1 0 0 3 0 0 495636592 511452768 613892096 140722759235674 140722759235780 140722759235780 140722759241659 0
39047 : 39047 (icc2_exec) S 1 38442 4268 34816 4268 1077944384 6974 204064 95 312 367 16 346 105 20 0 39 0 510869 2626936832 71346 18446744073709551615 4194304 493535827 140722759234336 140584138024736 140584738220597 0 8192 2101250 1217455869 18446744072477549126 0 0 -1 1 0 0 330 0 0 495636592 511452768 613892096 140722759235674 140722759235780 140722759235780 140722759241659 0
39048 : 39048 (icc2_exec) S 1 38442 4268 34816 4268 1077944384 743 204064 27 312 348 10 346 105 20 0 39 0 510869 2626936832 71346 18446744073709551615 4194304 493535827 140722759234336 140584129632032 140584738220597 0 8192 2101250 1217455869 18446744072477549126 0 0 -1 1 0 0 227 0 0 495636592 511452768 613892096 140722759235674 140722759235780 140722759235780 140722759241659 0
39049 : 39049 (icc2_exec) S 1 38442 4268 34816 4268 1077944384 1864 204064 75 312 372 13 346 105 20 0 39 0 510869 2626936832 71346 18446744073709551615 4194304 493535827 140722759234336 140584121239328 140584738220597 0 8192 2101250 1217455869 18446744072477549126 0 0 -1 1 0 0 245 0 0 495636592 511452768 613892096 140722759235674 140722759235780 140722759235780 140722759241659 0
39050 : 39050 (icc2_exec) S 1 38442 4268 34816 4268 1077944384 2498 204064 62 312 377 13 346 105 20 0 39 0 510869 2626936832 71346 18446744073709551615 4194304 493535827 140722759234336 140584112846624 140584738220597 0 8192 2101250 1217455869 18446744072477549126 0 0 -1 1 0 0 263 0 0 495636592 511452768 613892096 140722759235674 140722759235780 140722759235780 140722759241659 0
39051 : 39051 (icc2_exec) S 1 38442 4268 34816 4268 1077944384 939 204064 51 312 359 15 346 105 20 0 39 0 510869 2626936832 71346 18446744073709551615 4194304 493535827 140722759234336 140584104453920 140584738220597 0 8192 2101250 1217455869 18446744072477549126 0 0 -1 1 0 0 255 0 0 495636592 511452768 613892096 140722759235674 140722759235780 140722759235780 140722759241659 0
39052 : 39052 (icc2_exec) S 1 38442 4268 34816 4268 1077944384 1104 204064 44 312 371 14 346 105 20 0 39 0 510869 2626936832 71346 18446744073709551615 4194304 493535827 140722759234336 140584096061216 140584738220597 0 8192 2101250 1217455869 18446744072477549126 0 0 -1 1 0 0 250 0 0 495636592 511452768 613892096 140722759235674 140722759235780 140722759235780 140722759241659 0
39053 : 39053 (icc2_exec) S 1 38442 4268 34816 4268 1077944384 954 204064 47 312 362 13 346 105 20 0 39 0 510869 2626936832 71346 18446744073709551615 4194304 493535827 140722759234336 140584087668512 140584738220597 0 8192 2101250 1217455869 18446744072477549126 0 0 -1 1 0 0 247 0 0 495636592 511452768 613892096 140722759235674 140722759235780 140722759235780 140722759241659 0
39054 : 39054 (icc2_exec) S 1 38442 4268 34816 4268 1077944384 2059 204064 71 312 358 12 346 105 20 0 39 0 510869 2626936832 71346 18446744073709551615 4194304 493535827 140722759234336 140584079275808 140584738220597 0 8192 2101250 1217455869 18446744072477549126 0 0 -1 1 0 0 238 0 0 495636592 511452768 613892096 140722759235674 140722759235780 140722759235780 140722759241659 0
39055 : 39055 (icc2_exec) S 1 38442 4268 34816 4268 1077944384 986 204064 43 312 360 14 346 105 20 0 39 0 510869 2626936832 71346 18446744073709551615 4194304 493535827 140722759234336 140584070883104 140584738220597 0 8192 2101250 1217455869 18446744072477549126 0 0 -1 1 0 0 257 0 0 495636592 511452768 613892096 140722759235674 140722759235780 140722759235780 140722759241659 0
39056 : 39056 (icc2_exec) S 1 38442 4268 34816 4268 1077944384 2299 204064 88 312 385 16 346 105 20 0 39 0 510869 2626936832 71346 18446744073709551615 4194304 493535827 140722759234336 140584062490400 140584738220597 0 8192 2101250 1217455869 18446744072477549126 0 0 -1 1 0 0 270 0 0 495636592 511452768 613892096 140722759235674 140722759235780 140722759235780 140722759241659 0
39057 : 39057 (icc2_exec) S 1 38442 4268 34816 4268 1077944384 1994 204064 50 312 348 10 346 105 20 0 39 0 510869 2626936832 71346 18446744073709551615 4194304 493535827 140722759234336 140584054097696 140584738220597 0 8192 2101250 1217455869 18446744072477549126 0 0 -1 1 0 0 255 0 0 495636592 511452768 613892096 140722759235674 140722759235780 140722759235780 140722759241659 0
48451 : 48451 (icc2_exec) S 1 38442 4268 34816 4268 1077944384 110 204064 8 312 23 1 346 105 20 0 39 0 746148 2626936832 71346 18446744073709551615 4194304 493535827 140722759234336 140583843604232 140584533462297 0 8192 2101250 1217455869 18446744072477549126 0 0 -1 1 0 0 10 0 0 495636592 511452768 613892096 140722759235674 140722759235780 140722759235780 140722759241659 0
48452 : 48452 (icc2_exec) S 1 38442 4268 34816 4268 1077944384 156 204064 1 312 25 0 346 105 20 0 39 0 746148 2626936832 71346 18446744073709551615 4194304 493535827 140722759234336 140583835211528 140584533462297 0 8192 2101250 1217455869 18446744072477549126 0 0 -1 1 0 0 10 0 0 495636592 511452768 613892096 140722759235674 140722759235780 140722759235780 140722759241659 0
48453 : 48453 (icc2_exec) S 1 38442 4268 34816 4268 1077944384 79 204064 4 312 29 0 346 105 20 0 39 0 746148 2626936832 71346 18446744073709551615 4194304 493535827 140722759234336 140583818426120 140584533462297 0 8192 2101250 1217455869 18446744072477549126 0 0 -1 1 0 0 9 0 0 495636592 511452768 613892096 140722759235674 140722759235780 140722759235780 140722759241659 0
48454 : 48454 (icc2_exec) S 1 38442 4268 34816 4268 1077944384 202 204064 10 312 22 1 346 105 20 0 39 0 746149 2626936832 71346 18446744073709551615 4194304 493535827 140722759234336 140583826818824 140584533462297 0 8192 2101250 1217455869 18446744072477549126 0 0 -1 1 0 0 25 0 0 495636592 511452768 613892096 140722759235674 140722759235780 140722759235780 140722759241659 0
48455 : 48455 (icc2_exec) S 1 38442 4268 34816 4268 1077944384 103 204064 6 312 26 0 346 105 20 0 39 0 746149 2626936832 71346 18446744073709551615 4194304 493535827 140722759234336 140583810033416 140584533462297 0 8192 2101250 1217455869 18446744072477549126 0 0 -1 1 0 0 17 0 0 495636592 511452768 613892096 140722759235674 140722759235780 140722759235780 140722759241659 0
48456 : 48456 (icc2_exec) S 1 38442 4268 34816 4268 1077944384 23 204064 0 312 22 0 346 105 20 0 39 0 746149 2626936832 71346 18446744073709551615 4194304 493535827 140722759234336 140583801640712 140584533462297 0 8192 2101250 1217455869 18446744072477549126 0 0 -1 1 0 0 10 0 0 495636592 511452768 613892096 140722759235674 140722759235780 140722759235780 140722759241659 0
48457 : 48457 (icc2_exec) S 1 38442 4268 34816 4268 1077944384 34 204064 0 312 26 1 346 105 20 0 39 0 746150 2626936832 71346 18446744073709551615 4194304 493535827 140722759234336 140583793248008 140584533462297 0 8192 2101250 1217455869 18446744072477549126 0 0 -1 1 0 0 4 0 0 495636592 511452768 613892096 140722759235674 140722759235780 140722759235780 140722759241659 0
48458 : 48458 (icc2_exec) S 1 38442 4268 34816 4268 1077944384 156 204064 3 312 21 0 346 105 20 0 39 0 746150 2626936832 71346 18446744073709551615 4194304 493535827 140722759234336 140583784855304 140584533462297 0 8192 2101250 1217455869 18446744072477549126 0 0 -1 1 0 0 12 0 0 495636592 511452768 613892096 140722759235674 140722759235780 140722759235780 140722759241659 0
48459 : 48459 (icc2_exec) S 1 38442 4268 34816 4268 1077944384 49 204064 0 312 22 0 346 105 20 0 39 0 746152 2626936832 71346 18446744073709551615 4194304 493535827 140722759234336 140583776462600 140584533462297 0 8192 2101250 1217455869 18446744072477549126 0 0 -1 1 0 0 8 0 0 495636592 511452768 613892096 140722759235674 140722759235780 140722759235780 140722759241659 0
52365 : 52365 (icc2_exec) R 1 38442 4268 34816 4268 4202560 1050 204064 133 312 4 11 346 105 20 0 39 0 777468 2626936832 71346 18446744073709551615 4194304 493535827 140722759234336 140583969488576 140584738232157 0 24576 2101250 1217455869 0 0 0 -1 1 0 0 497 0 0 495636592 511452768 613892096 140722759235674 140722759235780 140722759235780 140722759241659 0
52366 : 52366 (icc2_exec) S 1 38442 4268 34816 4268 1077944384 0 204064 1 312 1 0 346 105 20 0 39 0 777468 2626936832 71346 18446744073709551615 4194304 493535827 140722759234336 140583977887520 140584738220597 0 8192 2101250 1217455869 18446744072477549126 0 0 -1 1 0 0 6 0 0 495636592 511452768 613892096 140722759235674 140722759235780 140722759235780 140722759241659 0
52367 : 52367 (icc2_exec) S 1 38442 4268 34816 4268 1077944384 1 204064 0 312 1 0 346 105 20 0 39 0 777468 2626936832 71346 18446744073709551615 4194304 493535827 140722759234336 140583986280224 140584738220597 0 8192 2101250 1217455869 18446744072477549126 0 0 -1 1 0 0 6 0 0 495636592 511452768 613892096 140722759235674 140722759235780 140722759235780 140722759241659 0
52368 : 52368 (icc2_exec) S 1 38442 4268 34816 4268 1077944384 1 204064 0 312 0 0 346 105 20 0 39 0 777468 2626936832 71346 18446744073709551615 4194304 493535827 140722759234336 140584011458336 140584738220597 0 8192 2101250 1217455869 18446744072477549126 0 0 -1 1 0 0 6 0 0 495636592 511452768 613892096 140722759235674 140722759235780 140722759235780 140722759241659 0
52369 : 52369 (icc2_exec) S 1 38442 4268 34816 4268 1077944384 2 204064 0 312 1 0 346 105 20 0 39 0 777468 2626936832 71346 18446744073709551615 4194304 493535827 140722759234336 140584045029152 140584738220597 0 8192 2101250 1217455869 18446744072477549126 0 0 -1 1 0 0 6 0 0 495636592 511452768 613892096 140722759235674 140722759235780 140722759235780 140722759241659 0
52370 : 52370 (icc2_exec) S 1 38442 4268 34816 4268 1077944384 3 204064 0 312 1 0 346 105 20 0 39 0 777468 2626936832 71346 18446744073709551615 4194304 493535827 140722759234336 140584036636448 140584738220597 0 8192 2101250 1217455869 18446744072477549126 0 0 -1 1 0 0 6 0 0 495636592 511452768 613892096 140722759235674 140722759235780 140722759235780 140722759241659 0
52371 : 52371 (icc2_exec) S 1 38442 4268 34816 4268 1077944384 3 204064 0 312 0 0 346 105 20 0 39 0 777468 2626936832 71346 18446744073709551615 4194304 493535827 140722759234336 140584028243744 140584738220597 0 8192 2101250 1217455869 18446744072477549126 0 0 -1 1 0 0 6 0 0 495636592 511452768 613892096 140722759235674 140722759235780 140722759235780 140722759241659 0
52372 : 52372 (icc2_exec) S 1 38442 4268 34816 4268 1077944384 3 204064 0 312 1 0 346 105 20 0 39 0 777468 2626936832 71346 18446744073709551615 4194304 493535827 140722759234336 140584019851040 140584738220597 0 8192 2101250 1217455869 18446744072477549126 0 0 -1 1 0 0 6 0 0 495636592 511452768 613892096 140722759235674 140722759235780 140722759235780 140722759241659 0
52373 : 52373 (icc2_exec) S 1 38442 4268 34816 4268 1077944384 3 204064 0 312 1 0 346 105 20 0 39 0 777468 2626936832 71346 18446744073709551615 4194304 493535827 140722759234336 140584003065632 140584738220597 0 8192 2101250 1217455869 18446744072477549126 0 0 -1 1 0 0 6 0 0 495636592 511452768 613892096 140722759235674 140722759235780 140722759235780 140722759241659 0
52374 : 52374 (icc2_exec) S 1 38442 4268 34816 4268 1077944384 3 204064 0 312 0 0 346 105 20 0 39 0 777468 2626936832 71346 18446744073709551615 4194304 493535827 140722759234336 140583994672928 140584738220597 0 8192 2101250 1217455869 18446744072477549126 0 0 -1 1 0 0 6 0 0 495636592 511452768 613892096 140722759235674 140722759235780 140722759235780 140722759241659 0
52375 : 52375 (icc2_exec) S 1 38442 4268 34816 4268 1077944384 3 204064 0 312 0 0 346 105 20 0 39 0 777468 2626936832 71346 18446744073709551615 4194304 493535827 140722759234336 140583961102112 140584738220597 0 8192 2101250 1217455869 18446744072477549126 0 0 -1 1 0 0 6 0 0 495636592 511452768 613892096 140722759235674 140722759235780 140722759235780 140722759241659 0
52376 : 52376 (icc2_exec) S 1 38442 4268 34816 4268 1077944384 3 204064 0 312 0 0 346 105 20 0 39 0 777468 2626936832 71346 18446744073709551615 4194304 493535827 140722759234336 140583952709408 140584738220597 0 8192 2101250 1217455869 18446744072477549126 0 0 -1 1 0 0 6 0 0 495636592 511452768 613892096 140722759235674 140722759235780 140722759235780 140722759241659 0

CRTE_PERIODIC_END 1 1789655593813
